Nвар    |Vaq	|Vг     |Dh2o1  |Dh2o2  |Dh2o3	|ησ1	|ησ2	
1	|1	|800	|1	|2	|3	|0.2	|0.1   
2	|2	|900	|1	|2	|3	|0.3	|0.1
3	|3	|580	|1	|2	|3	|0.3	|0.2 
4	|4	|570	|1	|2	|3	|0.2	|0.3 
5	|5	|1000	|1	|2	|3	|0.1	|0.2 
6	|6	|1200 	|1	|2	|3	|0.2	|0.3 
7	|7	|1600 	|1	|2	|3	|0.3	|0.1 
8	|8	|800	|1	|2	|3	|0.2	|0.1 
9	|9	|900	|1	|2	|3	|0.3	|0.2
10	|10	|580 	|1	|2	|3	|0.1	|0.2 
11	|11	|570	|1	|2	|3	|0.1	|0.3 
12	|12	|1000	|1	|2	|3	|0.3	|0.1 
13	|13	|1200 	|1	|2	|3	|0.2	|0.3 
14	|14	|1600 	|1	|2	|3	|0.2	|0.3  
15	|15	|800	|1	|2	|3	|0.3	|0.1 
16	|16	|900	|1	|2	|3	|0.1	|0.2 
17	|17	|580 	|1	|2	|3	|0.1	|0.3  
18	|18	|570 	|1	|2	|3	|0.3	|0.1 
19	|19	|1000	|1	|2	|3	|0.2	|0.1  
20	|20	|1200 	|1	|2	|3	|0.1	|0.2  
21	|21	|1600 	|1	|2	|3	|0.2	|0.3 
22	|22	|800 	|1	|2	|3	|0.3	|0.1
23	|23	|900	|1	|2	|3	|0.3	|0.2 
24	|24	|580	|1	|2	|3	|0.1	|0.3 
25	|25	|570 	|1	|2	|3	|0.1	|0.2 
26	|26	|1000	|1	|2	|3	|0.3	|0.1 
27	|27	|1200	|1	|2	|3	|0.1	|0.2  
28	|28	|1600 	|1	|2	|3	|0.2	|0.3  
29	|29	|800 	|1	|2	|3	|0.2	|0.1 
30	|30	|900 	|1	|2	|3	|0.3	|0.2 
 
