Nвар    |Vaq	|Vг     |Dh2o1  |Dh2o2  |Dh2o3	|ησ1	|ησ2	
1	|4	|800	|1	|2	|3	|0.2	|0.1   
2	|5	|900	|1	|2	|3	|0.3	|0.1
3	|6	|580	|1	|2	|3	|0.3	|0.2 
4	|7	|570	|1	|2	|3	|0.2	|0.3 
5	|8	|1000	|1	|2	|3	|0.1	|0.2 
6	|9	|1200 	|1	|2	|3	|0.2	|0.3 
7	|10	|1600 	|1	|2	|3	|0.3	|0.1 
8	|4	|800	|1	|2	|3	|0.2	|0.1 
9	|5	|900	|1	|2	|3	|0.3	|0.2
10	|6	|580 	|1	|2	|3	|0.1	|0.2 
11	|7	|570	|1	|2	|3	|0.1	|0.3 
12	|8	|1000	|1	|2	|3	|0.3	|0.1 
13	|9	|1200 	|1	|2	|3	|0.2	|0.3 
14	|10	|1600 	|1	|2	|3	|0.2	|0.3  
15	|4	|800	|1	|2	|3	|0.3	|0.1 
16	|5	|900	|1	|2	|3	|0.1	|0.2 
17	|6	|580 	|1	|2	|3	|0.1	|0.3  
18	|7	|570 	|1	|2	|3	|0.3	|0.1 
19	|8	|1000	|1	|2	|3	|0.2	|0.1  
20	|9	|1200 	|1	|2	|3	|0.1	|0.2  
21	|10	|1600 	|1	|2	|3	|0.2	|0.3 
22	|4	|800 	|1	|2	|3	|0.3	|0.1
23	|5	|900	|1	|2	|3	|0.3	|0.2 
24	|6	|580	|1	|2	|3	|0.1	|0.3 
25	|7	|570 	|1	|2	|3	|0.1	|0.2 
26	|8	|1000	|1	|2	|3	|0.3	|0.1 
27	|9	|1200	|1	|2	|3	|0.1	|0.2  
28	|10	|1600 	|1	|2	|3	|0.2	|0.3  
29	|4	|800 	|1	|2	|3	|0.2	|0.1 
30	|5	|900 	|1	|2	|3	|0.3	|0.2 
 
